Cabin 2324 100 1000
andy 2304 200 2000
appricot 100 100 1000
VolumCabin 2324
House 200 100 1000
plane 146803 100 1000
planeOrigin 146803 100 1000
splane 146803 100 1000
splane 146803 100 1000
rawSplane 146803 100 1000
rawPlane 146803 100 1000
plant 29128 100 1000
twoplant 29128 100 1000
splantt 29128 100 1000
BigAndy 2304 100 1000
new_five_andy 2304 100 1000
BigCabin 2324 100 1000
1andy 265420 100 1000
10andy 26542 100 1000
20andy 13271 100 1000
30andy 8847 100 1000
40andy 6635 100 1000
50andy 5308 100 1000
60andy 4423 100 1000
70andy 3791 100 1000
80andy 3317 100 1000
90andy 2948 100 1000
100andy 2654 100 1000
110andy 2412 100 1000
1cabin 446207 100 1000
10cabin 44620 100 1000
20cabin 22310 100 1000
30cabin 14873 100 1000
40cabin 11155 100 1000
50cabin 8924 100 1000
60cabin 7436 100 1000
70cabin 6374 100 1000
80cabin 5577 100 1000
90cabin 4957 100 1000
100cabin 4462 100 1000
110cabin 4056 100 1000
1Bcabin 446207 100 1000
10Bcabin 44620 100 1000
20Bcabin 22310 100 1000
30Bcabin 14873 100 1000
40Bcabin 11155 100 1000
50Bcabin  100 1000
60Bcabin 7436 100 1000
70Bcabin 6374 100 1000
80Bcabin 5577 100 1000
90Bcabin 4957 100 1000
100Bcabin 4462 100 1000
110Bcabin 4056 100 1000
