table 62528.0365 51695.3867 21094
andy 1341.7515 962.3078 2304
apricot 38487.0283 5723.7113 86016
airplane 99712.2899 49377.6577 161962
ATV 1156865.0007 230598.7225 4907
BigCabin 124795.6604 24023.7395 2324
bike 14162.6392 46519.5225 178552
BrickWallFinal 11025.5033 126651.4691 259200
plant 19928.2467 9608.7642 29128
twoplant 159425.9739 38435.0567 29128
splantt 159.4257 384.3477 29128
Cabin 1395.6915 1201.4319 2324
CocacolaFinal 2668.4939 1186.4649 94080
Desk 19540180.2063 5465524.2132 647967
drawer 573110.2228 262397.9059 10632
football_ball_OBJ 167569.6224 18118.3601 7560
GarbageFinal 2418256.0444 894262.2528 2722
hammer 2545.4315 1586.0927 6250
headphone 31952.8878 11667.9454 865423
jean_obj 2003844875000.0000 1840986488.5800 37963
LibertyFinal 107078.2989 30709.0915 42100
new_five_andy 167718.9320 24057.6934 2304
plane 17358.1410 26958.5044 146803
roomtable 176621.8096 77595.4120 215752
shoe 5131.7168 151132
sofa_table 699812.7103 76299.5968 4008
splane 138.8668 1078.3436 146803
stone 26222.7636 62182.4955 131072
tree 6080.0514 155124.3947 45100
TV 110061.7796 29900.6352 231939
washingmachine 767383.8139 117714.5588 418719
VolCabin 195912.5996 32216.2936 2324